20160909 20160909 0.0000 0
20160909 20160921 24.7323 12
20160909 20160927 94.3632 18
20160909 20161003 135.4736 24
20160909 20161009 69.7634 30
20160909 20161015 89.4919 36
20160909 20161021 -19.2470 42
20160909 20161027 93.8635 48
20160909 20161202 145.4768 84
20160909 20161208 53.1283 90
20160909 20161214 146.7107 96
20160909 20161220 89.6881 102
20160909 20161226 117.8482 108
20160909 20170101 157.9372 114
20160909 20170107 14.8652 120
20160909 20170113 177.6291 126
20160909 20170212 162.4293 156
20160909 20170218 34.3157 162
20160909 20170224 96.1817 168
20160909 20170302 -16.2761 174
20160909 20170320 -27.1259 192
20160909 20170326 101.4422 198
20160909 20170401 26.6887 204
20160909 20170407 50.3817 210
20160909 20170413 81.0342 216
20160909 20170425 104.8363 228
20160909 20170501 60.5179 234
20160909 20170507 117.0055 240
20160909 20170519 46.7404 252
20160909 20170525 65.4703 258
20160909 20170531 -45.3540 264
20160909 20170730 57.5699 324
20160909 20170811 69.6786 336
20160909 20170823 35.2187 348
20160909 20170910 56.7505 366
20160909 20170922 112.4673 378
20160909 20170928 23.4302 384
20160909 20171004 82.3213 390
20160909 20171016 55.7747 402
20160909 20171028 58.5635 414
20160909 20171103 128.5066 420
20160909 20171209 1.9382 456
20160909 20171215 112.1823 462
20160909 20171221 116.8241 468
20160909 20171227 67.3196 474
20160909 20180102 110.9378 480
20160909 20180108 72.8666 486
20160909 20180114 111.0121 492
20160909 20180120 127.8186 498
20160909 20180303 109.1805 540
20160909 20180309 -44.9809 546
20160909 20180315 80.6322 552
20160909 20180321 -28.9214 558
20160909 20180327 1.1773 564
20160909 20180402 123.9927 570
20160909 20180408 -30.9232 576
20160909 20180426 19.4781 594
20160909 20180508 14.8595 606
20160909 20180601 -23.8226 630
20160909 20180607 -44.0104 636
20160909 20180905 39.8471 726
20160909 20180911 54.9603 732
20160909 20180917 29.4747 738
20160909 20180923 72.0397 744
20160909 20180929 41.6651 750
20160909 20181005 -10.1350 756
20160909 20181017 57.5793 768
20160909 20181029 83.5235 780
20160909 20181104 75.7840 786
20160909 20181110 134.1918 792
20160909 20181116 67.4660 798
20160909 20181122 105.2445 804
20160909 20181128 55.4719 810
20160909 20181204 120.3605 816
20160909 20190103 72.7099 846
20160909 20190109 84.7176 852
20160909 20190115 19.9795 858
20160909 20190121 160.1386 864
20160909 20190127 67.3829 870
20160909 20190202 150.2834 876
20160909 20190208 138.0567 882
20160909 20190214 4.3552 888
20160909 20190220 165.6991 894
20160909 20190226 55.7552 900
20160909 20190304 135.9956 906
20160909 20190310 112.2546 912
20160909 20190316 -10.0480 918
20160909 20190322 143.6017 924
20160909 20190328 -8.3816 930
20160909 20190403 144.2024 936
20160909 20190409 72.3023 942
20160909 20190415 75.9919 948
20160909 20190421 114.4267 954
20160909 20190427 75.5880 960
20160909 20190503 176.6740 966
20160909 20190509 -36.9819 972
20160909 20190515 57.3213 978
20160909 20190527 65.5766 990
20160909 20190602 122.2634 996
20160909 20190620 77.9191 1014
20160909 20190708 -25.6366 1032
20160909 20190714 94.0998 1038
20160909 20190720 67.1623 1044
20160909 20190726 18.0759 1050
20160909 20190801 60.4158 1056
20160909 20190807 3.7932 1062
20160909 20190813 85.6174 1068
20160909 20190825 37.4498 1080
20160909 20190831 67.0073 1086
20160909 20190819 80.7019 1074
20160909 20190906 11.0730 1092
20160909 20190912 69.4687 1098
20160909 20190918 -15.4979 1104
20160909 20190924 67.3720 1110
20160909 20190930 152.3224 1116
20160909 20191006 22.5172 1122
20160909 20191018 74.9199 1134
20160909 20191012 41.8858 1128
20160909 20191024 -31.6658 1140
20160909 20191030 50.3543 1146
20160909 20191105 62.7755 1152
20160909 20191111 90.0193 1158
20160909 20191117 100.7567 1164
20160909 20191129 145.6774 1176
20160909 20200427 44.1048 1326
20160909 20200503 35.7466 1332
20160909 20200509 55.6176 1338
20160909 20200403 34.4065 1302
20160909 20200409 69.5027 1308
20160909 20200415 1.8310 1314
20160909 20200421 125.1689 1320
20160909 20200515 -19.1466 1344
20160909 20180126 8.0808 504
20160909 20180201 138.0256 510
20160909 20180207 52.2308 516
20160909 20180213 138.3915 522
20160909 20180219 87.5819 528
20160909 20180225 -7.7530 534
20160909 20180414 76.3323 582
20160909 20180420 -50.8473 588
20160909 20180502 54.8511 600
20160909 20180514 124.1982 612
20160909 20180520 -12.1880 618
20160909 20180526 49.2026 624
20160909 20180613 101.2410 642
20160909 20180619 -25.9648 648
20160909 20180625 56.7256 654
20160909 20180701 35.6904 660
20160909 20180707 34.1003 666
20160909 20180713 77.3803 672
20160909 20180719 -3.7610 678
20160909 20180725 38.1389 684
20160909 20180731 8.5666 690
20160909 20180806 18.4847 696
20160909 20180812 51.1854 702
20160909 20180818 -14.3774 708
20160909 20180824 43.4212 714
20160909 20180830 77.5409 720
20160909 20181011 134.3561 762
20160909 20181023 126.2244 774
20160909 20181210 111.5914 822
20160909 20181216 -19.3144 828
20160909 20181222 153.3849 834
20160909 20181228 79.9626 840
20160909 20191123 86.4944 1170
20160909 20191205 25.5944 1182
20160909 20191211 116.3820 1188
20160909 20191217 94.9095 1194
20160909 20191223 94.2916 1200
20160909 20191229 152.2459 1206
20160909 20200104 28.7964 1212
20160909 20200110 148.0534 1218
20160909 20200116 27.3510 1224
20160909 20200122 99.0336 1230
20160909 20200128 86.4460 1236
20160909 20200203 62.4964 1242
20160909 20200209 170.5758 1248
20160909 20200215 33.7411 1254
20160909 20200221 92.5842 1260
20160909 20200304 22.9611 1272
20160909 20200316 23.8201 1284
20160909 20200322 115.0012 1290
20160909 20200328 58.9200 1296
20160909 20200521 18.0009 1350
20160909 20200527 -5.1503 1356
20160909 20200602 61.0329 1362
20160909 20200608 47.5089 1368
20160909 20200614 41.0611 1374
20160909 20200620 122.5799 1380
20160909 20200626 1.9822 1386
20160909 20200702 11.3451 1392
20160909 20200708 36.7491 1398
20160909 20200714 -26.9311 1404
20160909 20200720 65.1575 1410
20160909 20200726 79.2142 1416
20160909 20200801 136.5280 1422
20160909 20200807 45.6676 1428
20160909 20200813 37.7699 1434
20160909 20200819 -4.1381 1440
20160909 20200825 44.1484 1446
20160909 20200831 60.9876 1452
20160909 20200906 90.4432 1458
20160909 20200912 60.0801 1464
20160909 20200918 109.3315 1470
20160909 20200924 57.0881 1476
20160909 20200930 48.6658 1482
20160909 20201006 101.6050 1488
20160909 20201012 30.5344 1494
20160909 20201018 100.6218 1500
20160909 20201024 -33.1672 1506
20160909 20201030 103.4129 1512
20160909 20201105 97.9151 1518
20160909 20201111 68.3392 1524
20160909 20201117 133.2657 1530
20160909 20201123 8.9171 1536
20160909 20201129 117.8125 1542
20160909 20201205 102.8471 1548
20160909 20201211 40.6846 1554
20160909 20201217 162.0033 1560
20160909 20201223 4.1766 1566
20160909 20201229 146.0980 1572
20160909 20210104 63.1911 1578
20160909 20210110 57.5437 1584
20160909 20210116 126.2020 1590
20160909 20210122 8.4978 1596
20160909 20210128 178.7747 1602
20160909 20210203 38.4162 1608
20160909 20210209 150.6513 1614
20160909 20210215 111.0026 1620
20160909 20210221 19.1312 1626
20160909 20210227 118.3582 1632
20160909 20210305 -37.0537 1638
20160909 20210311 87.8424 1644
20160909 20210317 -5.6963 1650
20160909 20210323 -22.2707 1656
20160909 20210329 88.2360 1662
20160909 20210404 -45.9284 1668
20160909 20210416 -2.9555 1680
20160909 20210422 23.8855 1686
20160909 20210428 39.3678 1692
20160909 20210504 2.8841 1698
20160909 20210510 112.9815 1704
20160909 20210516 80.8514 1710
20160909 20210522 18.9137 1716
20160909 20210528 81.5510 1722
20160909 20210603 -37.0456 1728
20160909 20210609 122.6623 1734
20160909 20210615 51.1407 1740
20160909 20210621 76.6483 1746
20160909 20210627 54.9186 1752
20160909 20150915 33.4650 -360
20160909 20151021 -16.9087 -324
20160909 20151102 77.7201 -312
20160909 20151114 101.0322 -300
20160909 20151126 113.5967 -288
20160909 20151208 152.8061 -276
20160909 20151220 38.6131 -264
20160909 20160101 74.1489 -252
20160909 20160113 76.5154 -240
20160909 20160206 140.0675 -216
20160909 20160313 7.9767 -180
20160909 20160325 108.9110 -168
20160909 20160406 144.3577 -156
20160909 20160418 68.5023 -144
20160909 20160430 22.7170 -132
20160909 20160512 18.0935 -120
20160909 20160524 73.6693 -108
20160909 20160605 119.5218 -96
20160909 20160629 52.4513 -72
20160909 20160711 1.6982 -60
20160909 20160723 55.5064 -48
20160909 20160804 167.2700 -36
20160909 20160816 77.4155 -24
20160909 20210703 14.7049 1758
20160909 20210709 81.6352 1764
20160909 20210715 5.5768 1770
20160909 20210721 31.8450 1776
20160909 20210727 1.8234 1782
20160909 20210808 63.2039 1794
20160909 20210814 33.0843 1800
20160909 20210826 62.1126 1812
20160909 20210901 2.0744 1818
20160909 20210907 37.8341 1824
20160909 20210913 22.3604 1830
20160909 20210919 51.2763 1836
20160909 20210925 80.2588 1842
20160909 20211001 62.7567 1848
